0.000000 0.000000
0.003420 0.009416
0.006733 0.018871
0.009937 0.028363
0.013033 0.037891
0.016021 0.047454
0.018899 0.057050
0.021667 0.066678
0.024326 0.076337
0.026874 0.086026
0.029312 0.095743
0.031638 0.105487
0.033854 0.115257
0.035958 0.125052
0.037950 0.134871
0.039830 0.144711
0.041598 0.154572
0.043253 0.164453
0.044796 0.174351
0.046225 0.184267
0.047542 0.194199
0.048745 0.204144
0.049834 0.214103
0.050810 0.224074
0.051673 0.234055
0.052421 0.244045
0.053056 0.254044
0.053576 0.264048
0.053982 0.274058
0.054275 0.284072
0.054453 0.294089
0.054517 0.304107
0.054466 0.314125
0.054302 0.324142
0.054023 0.334157
0.053630 0.344167
0.053123 0.354173
0.052502 0.364172
0.051767 0.374163
0.050918 0.384145
0.049955 0.394117
0.048879 0.404078
0.047689 0.414025
0.046386 0.423958
0.044970 0.433876
0.043441 0.443777
0.041799 0.453660
0.040045 0.463523
0.038178 0.473366
0.036199 0.483187
0.034108 0.492985
0.031906 0.502758
0.029592 0.512505
0.027168 0.522226
0.024632 0.531918
0.021987 0.541581
0.019231 0.551213
0.016366 0.560812
0.013392 0.570379
0.010308 0.579911
0.007117 0.589407
0.003817 0.598866
0.000409 0.608288
-0.003105 0.617669
-0.006727 0.627010
-0.010454 0.636309
-0.014288 0.645565
-0.018226 0.654776
-0.022270 0.663942
-0.026417 0.673062
-0.030669 0.682133
-0.035023 0.691156
-0.039480 0.700128
-0.044039 0.709049
-0.048700 0.717917
-0.053461 0.726732
-0.058323 0.735491
-0.063284 0.744195
-0.068343 0.752842
-0.073502 0.761430
-0.078757 0.769959
-0.084110 0.778428
-0.089559 0.786835
-0.095103 0.795179
-0.100742 0.803459
-0.106475 0.811675
-0.112302 0.819825
-0.118221 0.827908
-0.124231 0.835923
-0.130333 0.843868
-0.136525 0.851744
-0.142806 0.859549
-0.149176 0.867281
-0.155633 0.874941
-0.162178 0.882526
-0.168808 0.890036
-0.175524 0.897470
-0.182324 0.904827
-0.189208 0.912106
-0.196173 0.919306
-0.203221 0.926427
-0.210349 0.933466
-0.217558 0.940424
-0.224844 0.947299
-0.232209 0.954090
-0.239651 0.960797
-0.247169 0.967419
-0.254762 0.973955
-0.262429 0.980404
-0.270168 0.986765
-0.277980 0.993037
-0.285863 0.999220
-0.293816 1.005312
-0.301838 1.011314
-0.309927 1.017223
-0.318084 1.023040
-0.326306 1.028764
-0.334593 1.034394
-0.342944 1.039928
-0.351357 1.045367
-0.359832 1.050710
-0.368367 1.055956
-0.376961 1.061104
-0.385613 1.066154
-0.394323 1.071105
-0.403088 1.075957
-0.411908 1.080708
-0.420782 1.085358
-0.429708 1.089907
-0.438685 1.094354
-0.447713 1.098698
-0.456789 1.102939
-0.465913 1.107076
-0.475084 1.111109
-0.484300 1.115037
-0.493560 1.118859
-0.502864 1.122576
-0.512209 1.126187
-0.521594 1.129691
-0.531019 1.133087
-0.540482 1.136376
-0.549982 1.139557
-0.559518 1.142630
-0.569088 1.145593
-0.578691 1.148447
-0.588326 1.151192
-0.597992 1.153826
-0.607687 1.156350
-0.617410 1.158763
-0.627160 1.161066
-0.636936 1.163257
-0.646736 1.165336
-0.656559 1.167304
-0.666404 1.169160
-0.676270 1.170903
-0.686154 1.172533
-0.696057 1.174051
-0.705976 1.175456
-0.715911 1.176747
-0.725860 1.177926
-0.735821 1.178990
-0.745794 1.179942
-0.755778 1.180779
-0.765770 1.181502
-0.775770 1.182112
-0.785776 1.182607
-0.795787 1.182989
-0.805801 1.183256
-0.815818 1.183409
-0.825837 1.183448
-0.835855 1.183373
-0.845871 1.183183
-0.855885 1.182879
-0.865894 1.182461
-0.875899 1.181929
-0.885896 1.181283
-0.895886 1.180523
-0.905866 1.179650
-0.915835 1.178662
-0.925793 1.177561
-0.935737 1.176347
-0.945667 1.175019
-0.955581 1.173578
-0.965478 1.172024
-0.975357 1.170357
-0.985216 1.168578
-0.995054 1.166687
-1.004870 1.164683
-1.014663 1.162568
-1.024430 1.160341
-1.034172 1.158004
-1.043886 1.155555
-1.053572 1.152995
-1.063228 1.150326
-1.072853 1.147546
-1.082446 1.144657
-1.092005 1.141659
-1.101529 1.138551
-1.111018 1.135336
-1.120468 1.132013
-1.129881 1.128582
-1.139254 1.125044
-1.148586 1.121399
-1.157875 1.117648
-1.167121 1.113792
-1.176323 1.109830
-1.185479 1.105764
-1.194588 1.101593
-1.203649 1.097319
-1.212661 1.092942
-1.221622 1.088463
-1.230531 1.083882
-1.239388 1.079199
-1.248190 1.074416
-1.256938 1.069532
-1.265629 1.064550
-1.274263 1.059468
-1.282839 1.054289
-1.291354 1.049012
-1.299810 1.043638
-1.308203 1.038168
-1.316533 1.032603
-1.324800 1.026943
-1.333001 1.021190
-1.341136 1.015343
-1.349204 1.009404
-1.357204 1.003373
-1.365135 0.997252
-1.372995 0.991040
-1.380784 0.984739
-1.388501 0.978350
-1.396144 0.971874
-1.403713 0.965310
-1.411206 0.958661
-1.418624 0.951927
-1.425964 0.945109
-1.433226 0.938207
-1.440408 0.931223
-1.447511 0.924158
-1.454532 0.917012
-1.461472 0.909786
-1.468329 0.902482
-1.475102 0.895100
-1.481791 0.887642
-1.488394 0.880108
-1.494910 0.872499
-1.501340 0.864816
-1.507682 0.857060
-1.513934 0.849232
-1.520097 0.841334
-1.526170 0.833366
-1.532151 0.825329
-1.538041 0.817225
-1.543837 0.809054
-1.549541 0.800818
-1.555149 0.792516
-1.560663 0.784152
-1.566081 0.775725
-1.571403 0.767237
-1.576628 0.758689
-1.581754 0.750082
-1.586783 0.741417
-1.591712 0.732695
-1.596541 0.723918
-1.601271 0.715086
-1.605899 0.706201
-1.610425 0.697263
-1.614849 0.688275
-1.619171 0.679237
-1.623389 0.670150
-1.627504 0.661015
-1.631514 0.651835
-1.635419 0.642609
-1.639218 0.633339
-1.642912 0.624026
-1.646499 0.614672
-1.649980 0.605278
-1.653353 0.595845
-1.656618 0.586373
-1.659775 0.576866
-1.662824 0.567322
-1.665763 0.557745
-1.668593 0.548135
-1.671314 0.538493
-1.673924 0.528821
-1.676424 0.519119
-1.678813 0.509390
-1.681091 0.499634
-1.683258 0.489853
-1.685313 0.480048
-1.687256 0.470220
-1.689087 0.460370
-1.690805 0.450500
-1.692411 0.440612
-1.693904 0.430705
-1.695284 0.420782
-1.696551 0.410844
-1.697704 0.400893
-1.698744 0.390929
-1.699671 0.380953
-1.700483 0.370968
-1.701182 0.360974
-1.701766 0.350973
-1.702237 0.340966
-1.702593 0.330954
-1.702835 0.320938
-1.702963 0.310921
-1.702977 0.300902
-1.702877 0.290885
-1.702662 0.280869
-1.702333 0.270856
-1.701890 0.260847
-1.701334 0.250844
-1.700663 0.240849
-1.699878 0.230861
-1.698979 0.220883
-1.697967 0.210916
-1.696841 0.200961
-1.695601 0.191020
-1.694249 0.181093
-1.692783 0.171183
-1.691204 0.161290
-1.689513 0.151415
-1.687709 0.141561
-1.685794 0.131727
-1.683766 0.121916
-1.681626 0.112129
-1.679375 0.102367
-1.677013 0.092631
-1.674540 0.082923
-1.671956 0.073244
-1.669262 0.063594
-1.666459 0.053976
-1.663546 0.044391
-1.660523 0.034839
-1.657392 0.025323
-1.654153 0.015843
-1.650806 0.006400
-1.647352 -0.003004
-1.643790 -0.012368
-1.640123 -0.021691
-1.636349 -0.030971
-1.632469 -0.040207
-1.628484 -0.049399
-1.624395 -0.058545
-1.620202 -0.067644
-1.615906 -0.076694
-1.611506 -0.085694
-1.607004 -0.094644
-1.602401 -0.103542
-1.597696 -0.112387
-1.592891 -0.121178
-1.587986 -0.129913
-1.582981 -0.138592
-1.577878 -0.147213
-1.572677 -0.155776
-1.567379 -0.164278
-1.561984 -0.172720
-1.556494 -0.181100
-1.550908 -0.189416
-1.545227 -0.197668
-1.539453 -0.205855
-1.533586 -0.213976
-1.527627 -0.222029
-1.521576 -0.230014
-1.515435 -0.237929
-1.509204 -0.245774
-1.502884 -0.253547
-1.496476 -0.261248
-1.489980 -0.268875
-1.483398 -0.276427
-1.476730 -0.283904
-1.469977 -0.291305
-1.463140 -0.298628
-1.456221 -0.305872
-1.449219 -0.313038
-1.442136 -0.320122
-1.434972 -0.327126
-1.427730 -0.334048
-1.420408 -0.340886
-1.413010 -0.347641
-1.405534 -0.354311
-1.397984 -0.360895
-1.390358 -0.367393
-1.382659 -0.373803
-1.374888 -0.380126
-1.367045 -0.386359
-1.359131 -0.392502
-1.351148 -0.398555
-1.343096 -0.404516
-1.334977 -0.410385
-1.326792 -0.416162
-1.318541 -0.421844
-1.310226 -0.427432
-1.301848 -0.432925
-1.293408 -0.438322
-1.284906 -0.443623
-1.276345 -0.448826
-1.267725 -0.453931
-1.259048 -0.458938
-1.250314 -0.463845
-1.241525 -0.468653
-1.232681 -0.473360
-1.223784 -0.477966
-1.214835 -0.482470
-1.205836 -0.486872
-1.196787 -0.491171
-1.187690 -0.495366
-1.178545 -0.499458
-1.169354 -0.503445
-1.160118 -0.507327
-1.150839 -0.511103
-1.141518 -0.514774
-1.132155 -0.518338
-1.122752 -0.521795
-1.113310 -0.525144
-1.103830 -0.528386
-1.094315 -0.531519
-1.084764 -0.534544
-1.075179 -0.537459
-1.065562 -0.540266
-1.055913 -0.542962
-1.046235 -0.545548
-1.036527 -0.548024
-1.026792 -0.550389
-1.017030 -0.552642
-1.007244 -0.554784
-0.997433 -0.556815
-0.987601 -0.558734
-0.977746 -0.560540
-0.967872 -0.562234
-0.957980 -0.563815
-0.948070 -0.565283
-0.938143 -0.566638
-0.928202 -0.567880
-0.918248 -0.569009
-0.908281 -0.570024
-0.898303 -0.570925
-0.888316 -0.571713
-0.878320 -0.572386
-0.868318 -0.572946
-0.858309 -0.573392
-0.848297 -0.573723
-0.838281 -0.573940
-0.828263 -0.574043
-0.818245 -0.574032
-0.808227 -0.573907
-0.798212 -0.573667
-0.788200 -0.573313
-0.778192 -0.572846
-0.768191 -0.572264
-0.758197 -0.571568
-0.748211 -0.570758
-0.738236 -0.569834
-0.728271 -0.568797
-0.718319 -0.567646
-0.708381 -0.566382
-0.698458 -0.565005
-0.688551 -0.563514
-0.678662 -0.561911
-0.668792 -0.560195
-0.658942 -0.558367
-0.649113 -0.556426
-0.639307 -0.554374
-0.629525 -0.552210
-0.619769 -0.549934
-0.610039 -0.547548
-0.600337 -0.545051
-0.590664 -0.542443
-0.581021 -0.539725
-0.571410 -0.536897
-0.561832 -0.533960
-0.552288 -0.530914
-0.542780 -0.527760
-0.533308 -0.524497
-0.523873 -0.521126
-0.514478 -0.517648
-0.505123 -0.514064
-0.495810 -0.510372
-0.486539 -0.506575
-0.477312 -0.502673
-0.468130 -0.498665
-0.458995 -0.494553
-0.449906 -0.490337
-0.440867 -0.486018
-0.431877 -0.481596
-0.422939 -0.477072
-0.414052 -0.472446
-0.405219 -0.467720
-0.396441 -0.462892
-0.387718 -0.457966
-0.379051 -0.452940
-0.370443 -0.447815
-0.361893 -0.442593
-0.353404 -0.437273
-0.344976 -0.431857
-0.336610 -0.426346
-0.328307 -0.420739
-0.320069 -0.415038
-0.311897 -0.409244
-0.303791 -0.403356
-0.295752 -0.397377
-0.287783 -0.391307
-0.279883 -0.385146
-0.272054 -0.378895
-0.264296 -0.372555
-0.256612 -0.366128
-0.249001 -0.359613
-0.241465 -0.353012
-0.234005 -0.346326
-0.226621 -0.339554
-0.219315 -0.332699
-0.212088 -0.325762
-0.204940 -0.318742
-0.197873 -0.311641
-0.190887 -0.304460
-0.183983 -0.297200
-0.177163 -0.289862
-0.170427 -0.282447
-0.163776 -0.274955
-0.157210 -0.267388
-0.150732 -0.259746
-0.144341 -0.252031
-0.138038 -0.244244
-0.131824 -0.236385
-0.125701 -0.228456
-0.119668 -0.220458
-0.113727 -0.212392
-0.107878 -0.204258
-0.102122 -0.196058
-0.096460 -0.187793
-0.090893 -0.179464
-0.085421 -0.171072
-0.080045 -0.162619
-0.074766 -0.154104
-0.069584 -0.145530
-0.064500 -0.136898
-0.059515 -0.128208
-0.054629 -0.119461
-0.049844 -0.110660
-0.045159 -0.101805
-0.040575 -0.092896
-0.036093 -0.083936
-0.031714 -0.074926
-0.027438 -0.065866
-0.023265 -0.056758
-0.019196 -0.047604
-0.015232 -0.038403
-0.011373 -0.029158
-0.007620 -0.019869
-0.003973 -0.010538
-0.000432 -0.001166
0.003001 0.008245
0.006327 0.017695
0.009545 0.027183
0.012655 0.036706
0.015656 0.046265
0.018547 0.055856
0.021330 0.065481
0.024002 0.075136
0.026564 0.084821
0.029015 0.094535
0.031356 0.104276
0.033585 0.114043
0.035703 0.123835
0.037709 0.133650
0.039603 0.143488
0.041385 0.153347
0.043054 0.163225
0.044610 0.173122
0.046054 0.183035
0.047384 0.192965
0.048601 0.202909
0.049705 0.212866
0.050695 0.222836
0.051572 0.232815
0.052334 0.242805
0.052983 0.252802
0.053518 0.262806
0.053938 0.272815
0.054245 0.282829
0.054437 0.292845
0.054515 0.302863
0.054479 0.312882
0.054328 0.322899
0.054064 0.332914
0.053685 0.342925
0.053192 0.352931
0.052585 0.362931
0.051864 0.372923
0.051030 0.382907
0.050081 0.392880
0.049019 0.402842
0.047843 0.412791
0.046554 0.422726
0.045152 0.432646
0.043637 0.442549
0.042009 0.452434
0.040269 0.462300
0.038416 0.472145
